1,48
3,46
1,47
3,45
1,46
132,1
132,0
129,5
129,4
129,3
129,2
129,1
129,0
124,5
124,4
124,3
124,2
124,1
124,0
119,5
119,4
119,3
119,2
119,1
119,0
117,4
117,3
117,2
117,1
117,0
116,4
116,3
116,2
116,1
116,0
115,5
115,4
115,3
115,2
115,1
115,0
110,11
110,9
110,6
110,4
110,3
110,2
110,1
110,0
109,5
109,4
109,3
109,2
109,1
109,0
108,6
108,5
108,4
108,3
108,2
108,1
108,0
104,5
104,4
104,3
104,2
104,1
104,0
102,11
102,9
102,6
102,4
102,3
102,2
102,1
102,0
88,5
88,4
88,3
88,2
88,1
88,0
64,4
64,3
64,2
64,1
64,0
61,4
61,3
61,2
61,1
61,0
50,4
50,3
50,2
50,1
50,0
49,4
49,3
49,2
49,1
49,0
47,4
47,3
47,2
47,1
47,0
46,4
46,3
46,2
46,1
46,0
45,4
45,3
45,2
45,1
45,0
41,9
41,7
41,6
41,5
41,4
41,3
41,2
41,1
41,0
39,4
39,3
39,2
39,1
39,0
37,4
37,3
37,2
37,1
37,0
36,5
36,4
36,3
36,2
36,1
36,0
33,5
33,4
33,3
33,2
33,1
33,0
30,4
30,3
30,2
30,1
30,0
29,4
29,3
29,2
29,1
29,0
28,4
28,3
28,2
28,1
28,0
27,6
27,5
27,4
27,3
27,2
27,1
27,0
26,5
26,4
26,3
26,2
26,1
26,0
25,5
25,4
25,3
25,2
25,1
25,0
22,5
22,4
22,3
22,2
22,1
22,0
20,5
20,4
20,3
20,2
20,1
20,0
18,5
18,4
18,3
18,2
18,1
18,0
11,4
11,3
11,2
11,1
11,0
8,3
8,2
8,1
8,0
7,3
5,20
5,19
5,18
5,17
5,16
5,15
5,14
5,13
5,12
5,11
5,7
5,6
5,3
5,2
5,0
4,3
3,2
3,0
2,2
2,0
1,2
1,0
0,57
0,56
0,53
0,52
0,51
0,9
0,2
0,0
132,2
132,3
132,5
139,0
139,2
139,3
139,5
141,1
141,2
141,4
141,5
143,1
143,3
143,4
145,0
145,1
145,3
145,4
147,0
147,2
147,3
147,5
149,0
149,2
149,4
149,5
151,1
151,2
151,4
151,5
153,1
153,3
153,4
155,0
155,1
155,3
155,5
157,0
157,2
157,3
157,5
159,0
159,2
159,4
159,5
161,1
161,2
161,4
163,0
163,1
163,3
163,4
165,0
165,2
165,3
165,5
167,0
167,2
167,3
167,5
169,1
169,2
169,4
169,5
171,1
171,3
171,4
173,0
173,1
173,3
173,4
175,0
175,2
175,3
177,0
177,1
177,3
177,5
177,6
177,8
177,9
180,0
180,1
180,3
180,5
184,0
184,2
184,3
184,6
185,1
185,2
185,4
185,5
185,7
185,9
188,0
188,2
188,3
188,5
189,0
189,2
189,4
189,5
191,0
191,1
191,3
191,5
192,0
192,2
192,3
192,5
192,6
196,1
196,3
196,4
198,0
198,1
198,3
198,5
199,0
199,2
199,3
199,5
199,6
204,0
204,2
204,3
204,5
204,6
205,1
205,3
205,4
205,6
207,0
207,2
207,3
207,5
209,1
209,2
209,4
209,5
211,1
211,3
211,4
214,0
214,1
214,3
214,5
217,0
217,2
217,3
217,5
220,0
220,2
220,4
220,5
223,1
223,2
223,4
225,0
225,1
225,3
225,4
229,1
229,2
229,4
229,6
229,7
229,9
229,10
229,12
229,14
229,15
230,0
230,1
230,3
230,4
232,1
232,3
232,4
236,0
236,1
236,3
237,1
237,2
237,4
240,0
240,2
240,4
240,5
242,1
242,2
242,4
242,5
243,0
243,2
243,3
244,0
244,1
244,3
245,0
245,1
245,3
245,4
245,6
246,0
246,2
246,4
248,0
248,2
248,3
248,5
249,0
249,1
249,3
249,4
250,0
250,1
250,3
250,4
250,2
249,5
249,2
248,6
248,4
248,1
246,3
246,1
245,5
245,2
244,4
244,2
243,4
243,1
242,6
242,3
242,0
240,3
240,1
237,3
237,0
236,2
232,5
232,2
232,0
230,2
229,16
229,13
229,11
229,8
229,5
229,3
229,0
225,2
223,5
223,3
223,0
220,3
220,1
217,4
217,1
214,4
214,2
211,5
211,2
211,0
209,3
209,0
207,4
207,1
205,5
205,2
205,0
204,4
204,1
199,7
199,4
199,1
198,4
198,2
196,5
196,2
196,0
192,4
192,1
191,4
191,2
189,6
189,3
189,1
188,4
188,1
185,8
185,6
185,3
185,0
184,5
184,1
180,4
180,2
177,10
177,7
177,4
177,2
175,4
175,1
173,5
173,2
171,5
171,2
171,0
169,3
169,0
167,4
167,1
165,4
165,1
163,5
163,2
161,5
161,3
161,0
159,3
159,1
157,4
157,1
155,4
155,2
153,5
153,2
153,0
151,3
151,0
149,3
149,1
147,4
147,1
145,5
145,2
143,5
143,2
143,0
141,3
141,0
139,4
139,1
132,4
0,59
0,58
1,45
3,44
2,44
1,44
3,43
2,43
1,43
3,42
2,42
1,42
3,41
2,41
1,41
3,40
2,40
1,40
3,39
2,39
1,39
3,38
2,38
1,38
3,37
2,37
1,37
3,36
2,36
1,36
3,35
2,35
1,35
3,34
2,34
1,34
3,33
2,33
1,33
3,32
2,32
1,32
3,31
2,31
1,31
3,30
2,30
1,30
3,29
2,29
1,29
3,28
2,28
1,28
3,27
2,27
1,27
3,26
2,26
1,26
3,25
2,25
1,25
3,24
2,24
1,24
3,23
2,23
1,23
3,22
2,22
1,22
3,21
2,21
1,21
3,20
2,20
1,20
3,19
2,19
1,19
3,18
2,18
1,18
3,17
2,17
1,17
3,16
2,16
1,16
3,15
2,15
1,15
3,14
2,14
1,14
3,13
2,13
1,13
3,12
2,12
1,12
3,11
2,11
1,11
3,10
2,10
1,10
3,9
2,9
1,9
3,8
2,8
1,8
3,7
2,7
1,7
3,6
2,6
1,6
3,5
2,5
1,5
3,4
2,4
1,4
3,3
2,3
1,3
0,6
0,5
0,47
0,46
0,49
0,48
0,45
0,55
0,12
0,50
0,10
0,8
0,54
0,11
0,7
0,4
0,3
